0.0133372040154384
0.1654334313270255
0.1093933140983537
-0.1447986332940951
0.1078906255518068
0.2354451856353439
0.0052656959400808
-0.1448898317409653
-0.0901057985050268
0.15674792863579
0.0835722252459771
0.0452502554654407
0.0462168043257825
-0.0140472423803377
-0.001482116383487
0.0659641305254832
-0.0465103496143371
-0.0346878660826772
0.0302568035488119
0.0897974065231005
-0.0920492312144351
0.0719617087756115
0.0441349735897951
-0.1730437405925309
0.2020359519820929
0.0827758467079198
0.1990826358350927
0.007233385012008
0.0691164008461713
0.0112378536491608
0.126662957374852
-0.1400883353384077
0.0626076488395072
0.0829754869092
0.2279072652294496
0.045035898558829
-0.0378070698506013
-0.0282515513864576
0.2728307763938922
0.2632469791449611
0.0473839848687645
0.0751938330165671
0.013805601899729
0.0241719167471935
0.0105810011274725
0.0219206007299913
0.2483595223452224
0.1238223282215743
0.1648168356537738
0.0233505406785418
0.1620054319650438
0.2226007145473636
0.1418393496135047
0.0201497950834698
0.0451476328194509
0.0609357806037204
0.0161258649412798
0.0587831631117621
0.1118793511069398
0.2087323195696911
0.2531857767611142
-0.2278597432894015
-0.0664270868543049
0.1970051819135322
0.0766070594342927
0.0836540356072634
-0.0591072434986112
0.1521340375444951
0.000850829761494
-0.175828986516409
-0.0420106083476927
-0.0843620244323493
0.1768973533991731
0.0401585880110311
-0.085948899034147
0.2685270261333761
0.0209901286860095
-0.252071167395998
-0.1800091159186751
0.0630808154997007
0.2096667199979413
-0.1530182425653783
-0.1828675015410084
0.0376449988455613
0.2859001786707247
-0.0766354356677668
-0.1620429338071559
-0.0627554861474447
0.1779783014031115
-0.0476041952554047
0.0310852558644731
-0.0013500165951965
0.2454896193918071
-0.0726263923075732
-0.3027619710958582
-0.1488195434040486
0.1912283002171277
0.1127381489574237
-0.0433306232754414
-0.0808920934852334
0.1891807521440353
0.0922465539101237
-0.091049895855003
-0.1428251261366485
0.1144272794675233
0.2787570220113379
-0.2384996821210298
0.0241380890712682
0.2352721388178316
0.169250045355671
-0.0207919545826932
-0.2947133194216955
0.0495212752828118
0.1463163587447052
-0.0542910016576864
-0.1364732685710765
0.0739733464311334
0.1952758272191384
0.0531560104036418
-0.0169423785741434
-0.1399302084013536
0.1493509977867713
0.1123590512372886
-0.0128047018016
0.0801881678567099
-0.0692918754556881
0.1277057839461818
-0.0204391084177511
-0.0148565727067369
0.1296291787691666
0.1075381575282567
-0.138000887408134
0.1103380736443472
0.2072737357094131
0.0113014769405681
-0.2138534820333712
-0.0070957053441939
0.196616010336859
0.114324652027647
0.0201943666804058
-0.0827896725692567
-0.0238145051536027
0.0710224529513013
0.0078621363745656
-0.0981317305052589
0.0495636333005361
0.1997954748633923
0.0241091430476558
0.0518043961152919
-0.0552015982113455
-0.0510383966259888
-0.1110157318699651
-0.0486699148040037
0.0634951769272604
0.1011091376180423
0.18157754469363
-0.1340387805298364
-0.0616014736289641
-0.0719191623823201
0.016783884604389
-0.0514503553214588
-0.1676581501039264
-0.0024602054331227
0.2024853272882959
0.1953941359245261
-0.0745581841958814
-0.0888083622707528
-0.0196878990207821
0.1783709701969696
0.0509212003722794
0.15910576718368
0.251421565860391
-0.0592762712846844
-0.0915791375364369
-0.0926580348386371
0.2200019494515105
0.1202233775867387
-0.0377270139611689
0.1374178161081182
0.1429585836168902
0.1091089503910797
-0.1451943611306513
-0.2236201686276007
-0.082132422840626
-0.0012373314444534
-0.1036945640899559
0.1053079075334092
0.0130642924158078
0.1439099711295646
-0.0547736785974777
-0.2201076503951705
-0.0750155251964954
0.05991713888647
0.0546369127395953
0.0033485436682065
0.0886415666343876
0.1961838744328267
-0.0962986836109643
-0.2798439034375493
-0.0242583979870397
0.1459640937937203
-0.0101895005849055
-0.1190010246636886
-0.0784331399517889
0.1957815808249338
0.0471945485491835
-0.1198183361667897
-0.1195390270669263
0.2296626949765522
0.1657530532609366
-0.1116418874469462
0.045047344367468
0.2973880825070412
0.0902985075152205
-0.1461191728050589
-0.071197446137882
0.1572597911130288
0.1472558940725404
-0.0165341447276746
-0.0595149644141892
-0.0237106377738959
0.1227909835145214
-0.3028373013371861
0.0654539278179491
0.0301576834590859
0.2455772798112812
0.0168597606758984
0.0679727366805955
0.1143240276337197
0.0795215216906267
-0.0666953110872741
-0.097330975043961
0.0572293715154827
0.0315129661898698
-0.112376636426978
0.0614452404806372
0.1733203374855983
0.1978708749201825
-0.0596918123714798
-0.0639169118483113
0.2033849554509137
0.3053415874392846
0.095621843657437
0.0811964723990374
0.0571229255167168
-0.0293078545103359
-0.180375011421974
0.1350554822989721
0.1288341292753174
0.3002294852229846
0.2263067374561717
0.2792652698091724
-0.0428749113459165
0.0853780275633046
-0.0316090882654809
0.1665074549240845
0.1662728787224866
0.1178748543459336
0.2657822163052484
0.0143381317034389
0.1301204851934296
0.0123351547113927
0.1763488687276272
0.0429403169225581
0.0479583559468096
0.047010139918293
0.120211195321639
-0.0754345677575322
0.0151601148850864
0.1216289625605399
0.0007122339803518
0.1539734759439582
-0.0635522607746458
0.0663628787050983
0.0805008621793663
0.0895906079108727
-0.0856886947887054
-0.0417744017435457
-0.1631497340432633
0.0088909226993656
0.3103644196477193
0.1326864515357589
0.1517260477435344
0.1020073674288884
0.0192688062448502
-0.1813042782989894
0.0628612655977241
0.0701189123523067
0.1424216105847064
-0.1067275863717126
0.0752875793273969
0.0401149399064026
0.0028015399313815
0.0552185226691601
-0.084616614571905
0.2080038798504828
0.1578600744569288
0.0575144821022554
0.1665714018551369
0.3562017441583172
0.1338448081480466
0.0519543658591787
-0.0857049884791478
0.0591712371908053
-0.0056031589187763
-0.0742020607403522
-0.0793761521494643
0.1877465100032738
0.0609580087555031
-0.0484010133715708
-0.2459893030546709
-0.0089351859674797
0.1642981860982638
-0.1206320800028994
-0.0856539884080059
0.1977242559603335
0.235496413663985
0.1828517499784484
-0.0104831626074283
0.1050337162393065
0.2659569719398333
0.1172272847263866
-0.0734990717500679
0.2427093147780104
0.2386406232786713
-0.0291761561032538
-0.2294966122042008
-0.1579302774208312
0.2039759873520396
-0.0890500557258466
0.0551673615170953
-0.0300716537713224
0.2104984912647401
-0.0290458179493335
-0.147643205975799
-0.0870426275828334
0.1397709630959512
0.1272247380491858
-0.0938044158199489
0.0479824887277216
0.2689083549262607
0.4493656832643294
-0.1120283759165247
-0.0443270363716075
0.1388273700151387
0.3044227004096809
-0.0306352451988853
0.0112053830371609
0.1698307373991515
0.3403588034715927
-0.0996002033819692
-0.059130409457359
0.1033837495352239
0.1912776338375358
0.1067427062838407
0.0139506514121012
0.0934510125404106
0.2826727509448543
0.1554511391259885
-0.0246378711554181
0.0899529709979533
0.2223687564877158
0.0442924458022326
0.0120543249574654
-0.0925969279417012
0.1577990378458169
0.0838151644752167
-0.2584067863013117
0.166534769154211
0.2761774424673747
0.0299523584497906
-0.1121188970873805
0.0576334683707031
0.0241503276122563
0.098438253613747
-0.1128853874859206
-0.0158566565796125
0.079264600418083
0.0953835204561134
-0.1301342433824488
-0.175676439891417
-0.0324083836332068
0.1510000340469557
-0.0053368939184129
0.0700760605163985
0.2486794452158376
0.0169924608980619
0.0889437639854355
-0.0191925691490057
-0.152822106197266
0.1602996798591843
0.1233065148640199
0.0757812620963145
0.0197375359609494
0.188931601632435
0.1588541723962204
-0.0650077056310942
-0.0305592207335904
-0.0665276164719326
0.2425458323043342
0.0894440316462969
0.2201062654003207
0.1019899003259964
0.2463425238224296
0.1943264324168162
-0.0496064207614837
-0.0914770900240613
0.0789053540235178
0.2305217029469578
0.0500295279335062
-0.018346546507169
0.0669301590195962
0.0365904488591615
-0.1818855656171867
-0.1890757045955456
0.2818893345896029
0.2665197841497472
0.0447185144402932
-0.0332920480624178
0.1922988153851816
0.1746588275448838
0.06478946235437
-0.1454269602374996
0.1835778200820987
0.3105039586301304
0.0012833313737448
0.0886851564536439
0.1174631893051278
0.4029213690990431
0.1518830926893151
-0.1457750698217156
-0.0714075315867473
0.3039356338695926
0.3637776320874765
-0.145670631733947
0.1181266168771527
0.2442959159787398
0.0698473333217645
0.0189108128877487
-0.0849250487879668
0.162694986375385
0.187175838831875
0.0667939888003899
0.0262078536756439
0.2403953689062678
0.116481130168762
0.015645744276637
-0.1577796881367097
0.3673181753762469
0.1661093890173537
0.1120868062769418
-0.1087549687303064
0.0456464068537272
0.2129963250961902
-0.0704999465002304
-0.0358798213418611
0.1938156294683237
0.2174540359858332
-0.0400848340600197
-0.0315010992306031
0.1710952307874932
0.0057290318902431
0.0772038566801596
-0.003989745091176
0.1860280325787394
0.3645575357276242
0.1171949951961718
-0.0257848553000456
0.0758548831277271
0.2187052859060378
-0.1990115871941442
0.0480029998619954
0.1315927037595486
0.1091916207076701
-0.0149842228936233
0.0394148317752637
0.082622892538262
0.3449065679105196
0.0245458396201992
-0.0554433883024286
