Start time/date   [hh-mm-ss dd/mm/yyyy]: 01-00-00 01/01/2020
Timestep              : 3 hours
Number of Stations    : 2
Number of time steps  : 480
; Each row below contains the wave height (m), orientation (deg) and period (s) for each time step for all stations
; Starting from the first station (i.e. station with id=1 on the corresponding point shape file)
; Values separated by a COMMA
; Starting on 01-00-00 01/01/2020 at 1 hours time step interval
; Coordinates of wave point lat-lon: 491522_4065494;497000_4065486
1.186,76.795,5.036,1.222,76.796,5.188
1.268,71.409,5.323,1.307,72.379,5.455
1.395,73.403,5.968,1.441,74.919,6.082
1.523,80.133,6.439,1.579,82.635,6.538
1.565,73.623,6.491,1.604,75.841,6.528
1.817,68.853,6.813,1.858,71.236,6.846
1.790,60.184,6.839,1.810,61.750,6.851
1.702,59.105,6.767,1.712,59.814,6.769
1.632,61.316,7.282,1.644,61.630,7.286
1.453,62.419,7.089,1.470,62.765,7.093
1.436,61.955,6.830,1.460,62.547,6.842
1.471,51.174,6.743,1.490,52.093,6.764
1.455,40.893,6.256,1.466,41.669,6.284
1.582,48.458,6.291,1.608,49.751,6.295
1.718,33.805,6.772,1.735,35.389,6.628
1.680,24.758,6.364,1.691,24.943,6.274
1.695,48.976,6.674,1.719,50.560,6.644
1.404,43.869,6.125,1.416,44.251,6.129
1.124,50.546,5.939,1.139,50.789,5.938
0.820,14.984,5.031,0.824,13.452,5.049
0.891,20.642,5.503,0.893,18.076,5.545
1.049,16.519,5.965,1.048,15.472,5.992
1.073,24.443,5.535,1.081,23.056,5.557
1.064,43.873,5.288,1.080,39.340,5.321
0.889,11.043,4.904,0.892,6.024,4.931
0.680,310.832,4.728,0.659,309.938,4.735
0.525,302.499,5.478,0.496,302.744,5.475
0.682,302.565,5.000,0.651,303.209,4.998
0.745,294.747,4.818,0.698,296.411,4.800
0.490,316.776,4.632,0.478,319.782,4.627
0.425,353.710,4.488,0.419,355.116,4.489
0.336,333.849,4.760,0.324,335.631,4.754
0.283,330.449,4.073,0.273,331.118,4.066
0.289,351.748,4.180,0.282,352.468,4.186
0.298,349.307,4.534,0.289,350.425,4.547
0.370,16.250,3.871,0.363,14.886,3.900
0.396,7.981,3.747,0.390,7.044,3.765
0.396,335.506,4.640,0.383,337.379,4.632
0.366,330.981,5.428,0.354,334.576,5.417
0.301,346.963,4.953,0.293,349.373,4.952
0.326,359.901,5.997,0.320,2.016,6.006
0.302,33.660,7.425,0.302,33.580,7.451
0.248,44.725,6.971,0.251,45.009,6.985
0.209,46.645,5.644,0.214,47.687,5.649
0.175,45.795,4.638,0.179,46.381,4.639
0.159,52.058,4.054,0.163,52.491,4.055
0.171,58.113,3.283,0.173,57.916,3.283
0.328,57.760,3.526,0.330,58.303,3.529
0.589,58.480,4.337,0.594,58.993,4.351
0.752,60.112,4.843,0.766,60.032,4.880
0.653,56.358,4.297,0.668,56.551,4.339
0.378,55.569,4.323,0.386,56.760,4.340
0.218,61.231,4.299,0.224,62.471,4.302
0.204,60.980,3.927,0.209,62.186,3.933
0.176,25.853,3.273,0.181,28.023,3.272
0.220,348.125,3.221,0.216,352.511,3.209
0.199,339.635,3.516,0.194,349.905,3.509
0.265,348.770,2.895,0.262,348.525,2.878
0.271,10.409,2.853,0.276,11.786,2.862
0.322,345.336,3.180,0.321,348.623,3.175
0.242,57.817,3.141,0.249,58.742,3.170
0.200,70.834,3.171,0.206,71.144,3.185
0.127,66.579,2.626,0.129,66.506,2.632
0.183,39.802,2.691,0.186,32.406,2.686
0.270,44.595,2.824,0.275,39.520,2.832
0.212,35.706,4.039,0.215,34.258,4.044
0.220,31.143,3.257,0.223,23.968,3.258
0.262,28.857,2.666,0.264,18.772,2.663
0.368,14.956,2.265,0.368,10.168,2.258
0.297,9.478,2.065,0.298,7.144,2.061
0.301,5.795,1.999,0.302,4.003,2.005
0.269,15.826,1.963,0.270,12.943,1.994
0.310,24.422,2.986,0.309,21.474,3.012
0.363,10.238,3.810,0.359,9.539,3.825
0.415,351.214,3.451,0.418,350.743,3.463
0.468,32.313,3.403,0.472,32.486,3.435
0.693,48.289,4.888,0.699,48.930,4.896
0.801,43.850,5.002,0.806,44.326,5.008
0.487,32.827,4.202,0.495,32.527,4.225
0.366,47.941,4.167,0.371,48.568,4.186
0.262,47.784,3.226,0.264,47.127,3.249
0.228,356.906,2.664,0.230,356.281,2.667
0.337,318.849,2.744,0.331,317.832,2.731
0.615,300.922,3.348,0.586,301.007,3.292
0.701,280.693,3.604,0.640,283.580,3.530
0.727,287.278,3.477,0.671,288.447,3.411
0.604,301.634,3.129,0.571,303.095,3.085
0.468,287.492,3.478,0.429,293.663,3.437
0.490,279.620,3.450,0.438,294.857,3.385
0.493,272.929,3.261,0.442,296.725,3.169
0.691,272.782,3.530,0.622,283.083,3.423
0.996,276.925,3.982,0.900,279.988,3.830
0.953,282.435,3.819,0.871,283.831,3.704
0.761,288.444,3.475,0.707,287.742,3.406
0.540,296.753,3.820,0.510,304.224,3.818
0.425,347.044,4.757,0.413,350.054,4.794
0.457,9.734,5.407,0.458,9.171,5.415
0.441,339.118,5.163,0.438,340.817,5.170
0.463,310.746,5.126,0.445,314.463,5.116
0.590,301.025,4.338,0.560,304.627,4.307
0.719,294.752,3.503,0.684,294.978,3.458
0.787,316.257,3.436,0.768,332.090,3.453
0.468,342.152,3.772,0.462,349.888,3.794
0.395,315.814,3.212,0.387,316.551,3.200
0.324,299.532,3.231,0.310,300.496,3.210
0.280,297.838,3.232,0.265,299.262,3.215
0.277,295.890,3.480,0.259,298.218,3.457
0.402,290.532,3.391,0.377,292.903,3.345
0.483,291.192,3.427,0.454,294.140,3.372
0.351,351.028,2.792,0.354,351.212,2.810
0.297,332.959,2.979,0.297,333.625,2.977
0.257,357.173,2.609,0.257,353.245,2.615
0.260,331.356,2.991,0.260,331.857,2.989
0.356,302.646,2.762,0.344,304.867,2.723
0.355,299.083,3.304,0.338,312.350,3.264
0.312,285.950,2.675,0.296,295.939,2.606
0.373,284.389,2.303,0.351,282.798,2.220
0.428,309.251,2.431,0.414,308.868,2.379
0.321,340.049,2.142,0.321,339.038,2.153
0.354,328.471,2.563,0.348,328.295,2.554
0.349,323.598,2.536,0.344,324.247,2.522
0.557,327.714,2.927,0.552,327.332,2.918
0.563,19.975,3.113,0.562,20.511,3.137
0.728,36.215,4.032,0.719,36.713,4.042
0.649,4.391,3.857,0.649,7.901,3.866
0.660,21.293,3.834,0.668,19.166,3.856
0.865,11.492,4.235,0.867,5.003,4.294
0.681,0.694,5.109,0.674,356.574,5.166
0.635,331.240,5.245,0.617,330.932,5.264
0.513,345.554,5.545,0.505,345.124,5.558
0.439,352.835,5.428,0.433,352.522,5.444
0.466,346.074,5.189,0.457,345.423,5.210
0.584,343.698,5.047,0.573,341.941,5.083
0.983,294.157,4.308,0.931,297.282,4.284
1.446,280.605,4.560,1.321,286.313,4.362
1.298,304.835,4.047,1.234,308.342,3.991
1.056,318.792,3.725,1.020,320.214,3.709
0.795,57.114,3.032,0.820,55.607,3.209
0.593,67.757,2.823,0.602,65.294,2.926
0.584,79.516,2.816,0.596,76.491,2.926
0.616,56.405,2.583,0.633,55.440,2.722
0.426,303.820,4.078,0.408,308.350,4.050
0.317,287.057,3.260,0.296,295.879,3.192
0.308,286.011,2.993,0.285,296.194,2.922
0.247,296.734,3.063,0.234,300.311,3.020
0.211,338.518,2.562,0.212,339.079,2.566
0.239,346.937,3.190,0.241,347.890,3.202
0.339,49.173,2.651,0.345,47.337,2.694
0.477,57.515,2.509,0.488,56.761,2.599
0.351,52.663,3.911,0.354,52.047,3.951
0.343,11.932,4.271,0.340,11.980,4.301
0.290,320.757,5.457,0.279,325.522,5.455
0.176,307.535,4.627,0.168,312.745,4.624
0.154,307.812,3.122,0.147,311.898,3.101
0.132,302.211,2.405,0.126,304.941,2.369
0.121,294.680,2.463,0.111,295.607,2.433
0.200,290.989,3.011,0.186,293.882,2.970
0.167,359.479,2.669,0.166,358.019,2.700
0.241,27.832,2.539,0.241,24.828,2.587
0.384,307.117,2.725,0.363,310.325,2.699
0.458,278.926,2.967,0.416,281.738,2.912
0.265,290.000,3.120,0.242,293.182,3.081
0.100,315.530,2.954,0.100,317.434,2.966
0.100,299.958,3.200,0.100,302.669,3.196
0.116,287.379,3.043,0.100,288.729,3.032
0.226,293.321,2.922,0.210,293.876,2.902
0.288,292.885,4.182,0.265,294.160,4.171
0.242,300.950,4.445,0.225,304.024,4.436
0.264,315.326,4.802,0.253,319.408,4.802
0.306,303.767,5.559,0.286,305.962,5.549
0.171,317.343,4.613,0.155,319.963,4.625
0.151,329.256,4.228,0.132,329.905,4.223
0.133,329.044,4.004,0.115,329.228,4.000
0.100,327.950,3.486,0.100,327.307,3.491
0.100,323.769,3.403,0.100,324.208,3.408
0.100,317.142,4.743,0.100,322.118,4.755
0.119,317.037,4.918,0.115,320.573,4.920
0.182,323.765,4.238,0.180,327.170,4.243
0.245,313.417,3.946,0.239,316.843,3.943
0.256,344.540,3.077,0.257,344.331,3.088
0.379,318.571,3.186,0.374,318.603,3.176
0.309,320.708,3.608,0.305,323.243,3.604
0.358,302.294,3.156,0.346,303.840,3.123
0.504,292.945,3.151,0.480,294.747,3.086
0.597,316.499,3.287,0.583,319.717,3.254
0.827,310.247,3.939,0.797,313.622,3.900
1.084,296.263,4.253,1.021,300.281,4.180
1.153,288.363,4.448,1.083,294.522,4.400
1.003,300.083,4.479,0.966,309.076,4.457
0.828,359.114,5.090,0.825,356.942,5.138
0.901,328.662,5.913,0.876,329.850,5.914
0.948,321.142,5.894,0.915,323.134,5.892
1.008,314.453,5.752,0.961,316.701,5.739
0.643,9.428,4.208,0.641,11.020,4.266
0.576,29.158,4.038,0.576,30.105,4.086
0.677,69.191,3.882,0.688,67.229,3.986
0.737,69.784,3.861,0.751,67.782,3.979
0.650,67.773,3.912,0.659,66.015,4.000
0.745,80.749,3.271,0.764,76.901,3.462
0.733,92.595,3.132,0.754,89.800,3.347
0.523,91.321,2.823,0.536,85.979,2.949
0.518,80.713,2.678,0.529,77.687,2.823
0.441,33.948,2.331,0.452,32.771,2.404
0.568,64.323,2.683,0.584,62.631,2.797
0.746,68.810,3.318,0.770,66.940,3.481
0.718,65.335,3.805,0.732,64.135,3.885
0.877,69.936,4.371,0.900,68.993,4.504
0.641,62.867,4.941,0.653,63.633,4.944
0.675,56.105,5.007,0.683,56.935,5.004
1.066,53.630,5.155,1.075,53.885,5.159
1.257,45.270,5.138,1.258,45.555,5.148
1.363,39.084,5.474,1.369,39.176,5.486
1.437,43.287,5.658,1.446,43.547,5.673
1.498,43.282,5.759,1.500,43.102,5.768
1.261,47.593,5.698,1.267,47.551,5.698
1.101,44.555,6.254,1.107,44.542,6.253
1.054,48.530,5.926,1.062,48.175,5.933
1.223,46.674,6.129,1.233,46.481,6.139
1.385,38.327,5.897,1.395,38.309,5.915
1.504,29.188,5.920,1.506,30.460,5.931
1.654,43.599,5.787,1.666,44.496,5.791
1.583,46.301,5.876,1.598,47.118,5.883
1.490,49.346,6.000,1.504,50.109,6.005
1.499,45.018,6.171,1.510,45.688,6.175
1.668,8.085,6.050,1.665,9.254,6.054
1.872,17.247,6.299,1.856,19.787,6.301
1.875,27.873,6.416,1.857,29.929,6.421
1.812,36.940,5.788,1.806,38.784,5.809
1.976,31.348,5.626,1.983,32.549,5.640
1.888,341.452,6.097,1.851,344.502,6.080
1.920,13.008,5.992,1.915,14.732,5.993
1.552,339.794,5.585,1.536,342.225,5.572
1.110,325.782,5.481,1.086,328.617,5.469
0.823,317.310,5.667,0.791,320.513,5.651
0.519,314.188,5.747,0.495,317.864,5.728
0.315,327.848,5.022,0.311,329.677,5.023
0.157,330.329,4.067,0.156,331.136,4.072
0.122,334.408,3.443,0.122,337.172,3.441
0.149,325.927,2.685,0.148,327.185,2.675
0.114,338.073,2.525,0.116,337.364,2.525
0.223,7.905,2.922,0.225,2.194,2.929
0.236,340.338,3.239,0.236,339.359,3.243
0.166,344.156,3.969,0.166,344.759,3.971
0.138,309.982,3.761,0.134,313.338,3.756
0.156,345.129,3.223,0.155,346.494,3.249
0.165,9.956,2.698,0.165,7.535,2.711
0.149,6.715,2.725,0.150,5.039,2.735
0.158,17.695,3.564,0.159,16.487,3.574
0.184,15.329,3.429,0.181,16.888,3.417
0.291,90.730,2.758,0.288,87.908,2.676
0.483,114.860,2.425,0.488,109.751,2.407
0.604,117.798,2.598,0.617,115.297,2.678
0.707,110.947,2.842,0.724,108.976,3.008
0.478,120.714,2.401,0.479,115.241,2.435
0.403,98.654,2.625,0.406,92.534,2.674
0.436,84.266,2.808,0.437,79.474,2.870
0.562,74.886,3.298,0.567,71.173,3.385
0.675,60.226,3.259,0.686,57.854,3.411
0.692,46.542,3.541,0.702,46.145,3.653
0.665,39.134,3.733,0.663,37.141,3.844
0.594,39.845,3.654,0.589,35.304,3.738
0.515,8.631,4.234,0.512,9.587,4.278
0.522,346.231,4.873,0.519,348.808,4.893
0.646,31.245,4.456,0.654,32.022,4.514
0.718,58.072,5.095,0.731,57.561,5.153
0.626,75.652,4.652,0.641,74.799,4.720
0.654,77.769,5.215,0.668,76.967,5.282
0.686,74.900,5.743,0.697,73.298,5.813
0.547,70.126,4.805,0.560,69.366,4.857
0.613,54.068,4.259,0.626,54.130,4.318
0.605,67.514,3.529,0.620,66.651,3.624
0.570,73.043,5.050,0.581,71.690,5.105
0.556,69.595,5.260,0.567,68.505,5.307
0.577,71.362,4.912,0.589,70.400,4.967
0.638,73.803,3.796,0.653,72.512,3.886
0.667,71.931,3.797,0.679,70.103,3.861
0.702,65.017,3.295,0.716,63.068,3.410
0.741,50.522,3.073,0.756,49.487,3.217
0.829,320.945,3.590,0.806,324.551,3.565
0.654,80.216,2.566,0.662,75.652,2.709
0.415,83.059,2.837,0.410,76.060,2.893
0.426,58.794,3.597,0.418,53.148,3.636
0.512,64.262,4.893,0.516,61.743,4.945
0.543,72.265,3.841,0.554,70.654,3.915
0.650,66.078,3.414,0.665,64.864,3.527
0.691,5.312,3.261,0.699,4.345,3.318
0.866,277.579,4.031,0.809,284.063,3.982
0.999,315.198,3.820,0.967,315.675,3.793
0.993,36.348,3.803,1.020,35.583,3.952
0.940,30.712,4.184,0.946,31.485,4.229
0.894,32.801,5.043,0.893,33.528,5.046
0.802,359.712,5.247,0.792,2.624,5.248
0.670,4.979,5.094,0.662,7.409,5.112
0.606,42.993,4.832,0.608,43.159,4.879
0.633,39.448,5.378,0.635,39.698,5.421
0.496,40.008,5.796,0.501,40.538,5.812
0.358,48.828,5.398,0.363,50.013,5.403
0.262,40.470,5.293,0.266,41.660,5.297
0.188,53.877,3.939,0.191,54.555,3.945
0.208,61.482,3.752,0.212,62.237,3.761
0.276,58.928,4.405,0.283,60.014,4.418
0.415,65.669,4.451,0.423,66.184,4.472
0.550,65.062,5.030,0.560,65.165,5.059
0.591,59.100,5.031,0.599,59.489,5.052
0.517,56.137,5.632,0.523,56.151,5.661
0.471,54.052,4.704,0.475,54.902,4.721
0.547,58.969,3.801,0.549,58.794,3.826
0.755,62.862,3.862,0.768,61.591,3.942
0.908,62.478,4.091,0.928,61.212,4.237
1.067,55.367,4.941,1.091,55.015,5.035
1.076,44.263,5.125,1.097,43.652,5.191
1.344,31.970,5.204,1.368,31.527,5.236
1.287,46.616,6.299,1.306,46.780,6.296
1.275,41.498,6.555,1.288,41.802,6.554
1.633,22.408,7.094,1.628,24.629,6.969
1.537,17.959,6.579,1.517,22.902,6.259
1.399,21.487,5.135,1.400,23.904,5.007
1.230,347.760,5.659,1.209,352.565,5.677
1.106,320.110,6.218,1.065,323.092,6.206
1.028,320.319,5.831,0.995,323.677,5.829
1.121,325.191,6.446,1.067,330.061,6.412
1.021,306.299,6.673,0.947,310.946,6.649
0.905,300.503,6.925,0.812,306.254,6.914
0.851,311.567,6.653,0.775,317.729,6.617
0.995,328.764,6.005,0.941,334.494,5.987
1.079,355.340,5.703,1.036,0.669,5.745
1.149,5.571,5.989,1.107,11.167,5.981
1.074,356.261,5.982,1.038,1.340,5.954
0.785,18.239,5.004,0.756,19.654,5.065
0.669,43.836,4.136,0.647,41.816,4.184
0.673,59.500,3.440,0.658,55.711,3.439
0.649,54.033,3.574,0.633,49.592,3.624
0.719,11.575,5.417,0.689,12.224,5.365
0.732,327.754,5.634,0.691,331.786,5.621
0.907,312.934,5.653,0.859,317.890,5.658
0.911,312.507,5.992,0.861,316.016,5.971
0.778,324.649,6.290,0.740,328.050,6.261
0.603,304.820,6.087,0.564,307.796,6.059
0.440,301.881,6.448,0.406,304.343,6.430
0.215,304.729,5.461,0.199,305.474,5.462
0.104,294.320,4.453,0.100,292.582,4.457
0.100,290.195,3.772,0.100,287.224,3.782
0.100,294.552,3.571,0.100,291.013,3.583
0.176,297.114,3.644,0.163,298.814,3.641
0.144,296.148,3.902,0.130,298.507,3.897
0.131,295.809,4.583,0.115,298.835,4.578
0.130,301.639,4.669,0.116,306.000,4.674
0.222,295.362,3.952,0.204,298.095,3.938
0.307,295.800,4.285,0.285,298.485,4.268
0.287,295.942,4.368,0.263,299.271,4.348
0.406,294.886,4.319,0.371,298.650,4.292
0.582,294.041,4.047,0.540,298.001,3.999
0.446,286.028,4.230,0.409,290.037,4.188
0.230,287.137,4.166,0.207,288.166,4.151
0.191,299.007,4.401,0.176,299.209,4.401
0.232,299.829,4.248,0.219,302.535,4.237
0.312,302.817,4.105,0.297,306.777,4.084
0.297,318.705,3.111,0.291,321.207,3.098
0.372,32.075,2.485,0.374,29.698,2.569
0.589,75.982,2.419,0.599,73.582,2.576
0.749,46.902,2.756,0.759,47.000,2.916
0.832,290.466,3.762,0.764,293.781,3.721
0.928,287.247,4.114,0.845,290.499,4.085
1.259,269.062,4.089,1.141,273.711,4.024
1.562,304.477,4.570,1.469,310.198,4.475
1.202,46.851,4.294,1.204,47.649,4.068
1.135,56.476,4.786,1.129,57.480,4.574
0.958,71.045,4.312,0.951,70.562,4.304
0.964,81.847,4.096,0.965,80.659,4.213
0.920,71.283,3.896,0.920,68.713,4.189
0.774,47.179,3.914,0.767,44.097,4.104
0.990,39.238,4.093,1.001,39.208,4.260
1.079,25.286,4.003,1.103,26.526,4.085
0.896,49.281,3.275,0.916,45.899,3.498
0.596,65.633,3.327,0.596,57.815,3.517
0.473,9.494,4.017,0.458,7.357,4.037
0.446,331.991,4.621,0.425,332.958,4.605
0.625,337.154,4.403,0.604,336.579,4.370
0.924,351.838,4.836,0.905,354.830,4.861
0.984,7.186,4.681,0.974,9.324,4.755
0.954,351.939,5.578,0.921,355.888,5.582
0.801,356.606,5.136,0.773,358.408,5.152
0.748,315.965,5.448,0.715,320.317,5.454
0.642,304.983,6.133,0.599,308.170,6.104
0.657,312.612,6.499,0.618,316.331,6.468
0.712,314.215,7.152,0.667,317.279,7.109
0.688,310.284,7.751,0.635,313.891,7.720
0.850,333.418,7.655,0.814,335.645,7.640
0.956,41.117,6.254,0.955,36.551,6.290
1.123,348.337,5.900,1.112,349.362,5.914
0.937,310.678,5.950,0.890,314.661,5.940
0.969,312.144,6.092,0.927,315.205,6.070
1.195,336.249,5.945,1.178,338.843,5.939
1.296,45.474,5.556,1.313,43.701,5.574
1.122,43.663,6.171,1.134,41.917,6.181
1.194,14.555,7.067,1.185,14.942,7.066
1.076,28.721,6.940,1.076,27.892,6.941
1.020,21.968,6.208,1.017,22.923,6.225
0.711,35.984,4.370,0.707,36.438,4.474
0.587,39.046,3.217,0.593,38.288,3.297
0.438,11.686,2.729,0.437,10.219,2.757
0.269,303.403,2.152,0.263,302.828,2.136
0.181,300.047,2.133,0.177,298.894,2.121
0.158,307.273,2.504,0.153,306.299,2.497
0.217,308.209,3.239,0.206,310.097,3.231
0.301,340.039,3.868,0.292,341.423,3.892
0.498,321.951,3.695,0.486,325.030,3.685
0.690,332.532,4.109,0.681,335.893,4.124
0.857,327.782,4.147,0.843,331.178,4.147
0.688,43.671,3.071,0.704,42.638,3.224
0.969,294.148,4.270,0.905,294.845,4.220
0.698,294.581,4.104,0.664,296.532,4.086
0.695,291.893,3.986,0.662,293.281,3.973
0.874,282.817,3.731,0.817,283.708,3.670
0.935,296.689,3.850,0.881,300.534,3.770
1.403,319.829,4.450,1.354,326.176,4.406
1.665,281.780,4.585,1.534,287.556,4.467
1.698,270.080,4.740,1.534,275.114,4.586
1.784,292.551,4.751,1.634,291.171,4.660
1.808,290.165,5.074,1.645,293.023,4.873
1.198,293.145,4.315,1.101,295.877,4.128
0.604,41.467,2.956,0.625,39.595,3.078
0.675,55.860,3.187,0.700,54.660,3.336
1.124,9.657,3.879,1.136,11.440,3.939
1.122,43.913,3.499,1.169,43.368,3.667
1.301,55.074,3.612,1.373,54.179,3.811
1.356,59.031,3.797,1.435,57.679,4.011
0.884,85.153,3.362,0.919,85.793,3.521
0.415,87.696,2.513,0.419,83.566,2.595
0.270,57.975,2.700,0.271,56.158,2.730
0.337,336.239,3.494,0.334,336.549,3.495
0.525,303.358,3.521,0.505,304.508,3.484
0.643,314.403,3.492,0.622,312.211,3.474
0.674,302.412,3.432,0.645,298.201,3.399
0.620,26.218,3.000,0.634,25.443,3.074
0.499,35.731,3.132,0.511,36.092,3.184
0.404,40.078,3.740,0.412,41.175,3.766
0.411,30.351,4.807,0.418,29.931,4.815
0.405,34.569,4.814,0.412,33.465,4.821
0.493,51.598,4.884,0.499,52.333,4.891
0.541,54.153,4.299,0.547,54.605,4.324
0.508,50.866,4.547,0.513,51.388,4.567
0.459,49.110,6.221,0.465,49.880,6.236
0.566,49.989,6.829,0.574,50.637,6.843
0.717,52.627,6.477,0.728,53.156,6.488
0.846,52.117,6.731,0.857,52.631,6.737
1.262,54.385,6.698,1.275,54.588,6.698
1.559,57.384,6.657,1.573,57.831,6.659
1.637,53.752,6.849,1.639,53.671,6.849
1.590,53.664,7.267,1.584,53.566,7.250
1.545,49.718,9.116,1.517,49.888,9.079
1.714,40.545,9.949,1.662,40.795,9.907
1.626,51.300,6.961,1.625,51.107,6.952
1.551,52.709,6.266,1.555,52.663,6.269
1.375,53.094,6.104,1.385,53.570,6.106
1.058,47.000,6.213,1.067,46.564,6.219
0.736,30.583,6.070,0.738,27.124,6.094
0.557,18.896,5.218,0.562,17.474,5.231
0.483,29.471,4.858,0.483,30.422,4.879
0.395,10.793,3.806,0.391,10.262,3.827
0.365,34.498,3.155,0.363,31.396,3.205
0.331,45.460,2.900,0.331,41.781,2.952
0.264,38.510,2.489,0.267,32.840,2.522
0.251,36.150,2.014,0.257,24.231,2.043
0.462,81.956,2.780,0.476,75.773,2.892
0.549,84.411,2.825,0.561,79.244,2.947
0.452,60.707,2.724,0.456,55.606,2.814
0.532,54.871,3.021,0.538,52.923,3.097
0.635,42.605,3.902,0.645,42.962,3.964
0.620,57.210,4.563,0.628,56.704,4.618
0.566,60.141,4.274,0.572,59.438,4.323
0.494,57.504,4.057,0.498,57.057,4.095
0.400,59.833,3.469,0.404,59.188,3.507
0.319,67.327,2.775,0.323,65.245,2.825
0.179,56.573,2.965,0.181,55.252,2.974
0.117,47.364,2.532,0.118,45.151,2.538
0.134,55.846,2.556,0.134,53.558,2.563
0.238,66.921,2.326,0.240,63.457,2.363
0.328,66.689,2.222,0.333,60.745,2.314
0.392,82.688,2.442,0.401,75.554,2.567
